000000
011100
100010
100010
111110
100010
100010
100010
000000
000000
111100
100010
100010
111100
100010
100010
111100
000000
000000
011100
100010
100000
100000
100000
100010
011100
000000
000000
111000
100100
100010
100010
100010
100100
111000
000000
000000
111110
100000
100000
111100
100000
100000
111110
000000
000000
111110
100000
100000
111100
100000
100000
100000
000000
000000
011100
100010
100000
100110
100010
100010
011100
000000
000000
100010
100010
100010
111110
100010
100010
100010
000000
000000
011100
001000
001000
001000
001000
001000
011100
000000
000000
000010
000010
000010
000010
000010
100010
011100
000000
000000
100010
100100
101000
110000
101000
100100
100010
000000
000000
100000
100000
100000
100000
100000
100000
111110
000000
000000
100010
110110
101010
101010
100010
100010
100010
000000
000000
100010
100010
110010
101010
100110
100010
100010
000000
000000
011100
100010
100010
100010
100010
100010
011100
000000
000000
111100
100010
100010
111100
100000
100000
100000
000000
000000
011100
100010
100010
100010
101010
100100
011010
000000
000000
111100
100010
100010
111100
101000
100100
100010
000000
000000
011100
100010
100000
011100
000010
100010
011100
000000
000000
111110
001000
001000
001000
001000
001000
001000
000000
000000
100010
100010
100010
100010
100010
100010
011100
000000
000000
100010
100010
100010
100010
100010
010100
001000
000000
000000
100010
100010
100010
101010
101010
101010
010100
000000
000000
100010
100010
010100
001000
010100
100010
100010
000000
000000
100010
100010
100010
010100
001000
001000
001000
000000
000000
111110
000010
000100
001000
010000
100000
111110
000000
000000
000000
011100
000010
011110
100010
100010
011110
000000
000000
100000
100000
101100
110010
100010
100010
111100
000000
000000
000000
011100
100010
100000
100000
100010
011100
000000
000000
000010
000010
011010
100110
100010
100010
011110
000000
000000
000000
011100
100010
111110
100000
100010
011100
000000
000000
001100
010010
010000
111000
010000
010000
010000
000000
000000
000000
011110
100010
100010
011110
000010
011100
000000
000000
100000
100000
101100
110010
100010
100010
100010
000000
000000
001000
000000
011000
001000
001000
001000
011100
000000
000000
000100
000000
001100
000100
000100
000100
100100
011000
000000
100000
100000
100100
101000
110000
101000
100100
000000
000000
011000
001000
001000
001000
001000
001000
011100
000000
000000
000000
110100
101010
101010
101010
101010
101010
000000
000000
000000
101100
110010
100010
100010
100010
100010
000000
000000
000000
011100
100010
100010
100010
100010
011100
000000
000000
000000
111100
100010
100010
111100
100000
100000
000000
000000
000000
011010
100110
100010
011110
000010
000010
000000
000000
000000
101100
110010
100000
100000
100000
100000
000000
000000
000000
011110
100000
011100
000010
100010
011100
000000
000000
010000
010000
111000
010000
010000
010010
001100
000000
000000
000000
100010
100010
100010
100010
100010
011110
000000
000000
000000
100010
100010
100010
100010
010100
001000
000000
000000
000000
100010
100010
101010
101010
101010
010100
000000
000000
000000
100010
010100
001000
010100
100010
100010
000000
000000
000000
100010
100010
100010
011110
000010
011100
000000
000000
000000
111110
000100
001000
010000
100000
111110
000000
