0000004d
00000069
00000020
00000064
00000069
00000062
00000075
0000006a
0000006f
00000020
0000006e
0000006f
00000020
00000065
00000072
00000061
00000020
00000075
0000006e
00000020
00000073
0000006f
0000006d
00000062
00000072
00000065
00000072
0000006f
00000020
00000072
00000065
00000070
00000072
00000065
00000073
00000065
0000006e
00000074
00000061
00000062
00000061
00000020
00000075
0000006e
00000061
00000020
00000073
00000065
00000072
00000070
00000069
00000065
0000006e
00000074
00000065
00000020
00000062
0000006f
00000061
00000020
00000071
00000075
00000065
00000020
00000064
00000069
00000067
00000069
00000065
00000072
00000065
00000020
00000075
0000006e
00000020
00000065
0000006c
00000065
00000066
00000061
0000006e
00000074
00000065
00000020
00000065
0000006e
00000074
0000006f
0000006e
00000063
00000065
00000073
00000020
00000064
00000069
00000062
00000075
0000006a
00000065
00000020
00000065
0000006c
00000020
00000069
0000006e
00000074
00000065
00000072
00000069
0000006f
00000072
00000020
00000064
00000065
00000020
0000006c
00000061
00000020
00000073
00000065
00000072
00000070
00000069
00000065
0000006e
00000074
00000065
00000020
00000062
0000006f
00000061
00000020
00000070
00000061
00000072
00000061
00000020
00000071
00000075
00000065
00000020
0000006c
00000061
00000073
00000020
00000070
00000065
00000072
00000073
0000006f
0000006e
00000061
00000073
00000020
0000006d
00000061
00000079
0000006f
00000072
00000065
00000073
00000020
00000070
00000075
00000064
00000069
00000065
00000072
00000061
0000006e
00000020
00000063
0000006f
0000006d
00000070
00000072
00000065
0000006e
00000064
00000065
00000072
00000020
0000006c
0000006f
00000073
00000020
0000006d
00000061
00000079
0000006f
00000072
00000065
00000073
00000020
00000073
00000069
00000065
0000006d
00000070
00000072
00000065
00000020
00000074
00000069
00000065
0000006e
00000065
0000006e
00000020
0000006e
00000065
00000063
00000065
00000073
00000069
00000064
00000061
00000064
00000020
00000064
00000065
00000020
00000065
00000078
00000070
0000006c
00000069
00000063
00000061
00000063
00000069
0000006f
0000006e
00000065
00000073
00000020
0000006c
00000061
00000073
00000020
00000070
00000065
00000072
00000073
0000006f
0000006e
00000061
00000073
00000020
0000006d
00000061
00000079
0000006f
00000072
00000065
00000073
00000020
0000006d
00000065
00000020
00000061
00000063
0000006f
0000006e
00000073
00000065
0000006a
00000061
00000072
0000006f
0000006e
00000020
00000061
00000062
00000061
0000006e
00000064
0000006f
0000006e
00000061
00000072
00000020
00000065
0000006c
00000020
00000064
00000069
00000062
00000075
0000006a
0000006f
00000020
00000064
00000065
00000020
00000073
00000065
00000072
00000070
00000069
00000065
0000006e
00000074
00000065
00000073
00000020
00000062
0000006f
00000061
00000073
00000020
00000066
00000075
00000065
00000072
00000061
0000006e
00000020
00000061
00000062
00000069
00000065
00000072
00000074
00000061
00000073
00000020
0000006f
00000020
00000063
00000065
00000072
00000072
00000061
00000064
00000061
00000073
00000020
00000079
00000020
00000070
0000006f
0000006e
00000065
00000072
00000020
0000006d
00000061
00000073
00000020
00000069
0000006e
00000074
00000065
00000072
00000065
00000073
00000020
00000065
0000006e
00000020
0000006c
00000061
00000020
00000067
00000065
0000006f
00000067
00000072
00000061
00000066
00000069
00000061
00000020
0000006c
00000061
00000020
00000068
00000069
00000073
00000074
0000006f
00000072
00000069
00000061
00000020
00000065
0000006c
00000020
00000063
00000061
0000006c
00000063
00000075
0000006c
0000006f
00000020
00000079
00000020
0000006c
00000061
00000020
00000067
00000072
00000061
0000006d
00000061
00000074
00000069
00000063
00000061
00000020
00000064
00000065
00000020
00000065
00000073
00000074
00000061
00000020
0000006d
00000061
0000006e
00000065
00000072
00000061
00000020
00000061
00000020
0000006c
00000061
00000020
00000065
00000064
00000061
00000064
00000020
00000064
00000065
00000020
00000073
00000065
00000069
00000073
00000020
00000061
00000062
00000061
0000006e
00000064
0000006f
0000006e
00000065
00000020
00000075
0000006e
00000061
00000020
0000006d
00000061
00000067
0000006e
00000069
00000066
00000069
00000063
00000061
00000020
00000063
00000061
00000072
00000072
00000065
00000072
00000061
00000020
00000064
00000065
00000020
00000070
00000069
0000006e
00000074
0000006f
00000072
00000020
0000006c
00000061
00000073
00000020
00000070
00000065
00000072
00000073
0000006f
0000006e
00000061
00000073
00000020
0000006d
00000061
00000079
0000006f
00000072
00000065
00000073
00000020
00000073
0000006f
0000006e
00000020
00000069
0000006e
00000063
00000061
00000070
00000061
00000063
00000065
00000073
00000020
00000064
00000065
00000020
00000063
0000006f
0000006d
00000070
00000072
00000065
0000006e
00000064
00000065
00000072
00000020
00000061
0000006c
00000067
0000006f
00000020
00000070
0000006f
00000072
00000020
00000073
00000069
00000020
00000073
0000006f
0000006c
00000061
00000073
00000020
00000079
00000020
00000065
00000073
00000020
0000006d
00000075
00000079
00000020
00000066
00000061
00000073
00000074
00000069
00000064
00000069
0000006f
00000073
0000006f
00000020
00000070
00000061
00000072
00000061
00000020
00000064
00000061
00000072
0000006c
00000065
00000073
00000020
00000065
00000078
00000070
0000006c
00000069
00000063
00000061
00000063
00000069
0000006f
0000006e
00000065
00000073
00000020
00000075
0000006e
00000061
00000020
00000079
00000020
0000006f
00000074
00000072
00000061
00000020
00000076
00000065
0000007a
0000002e
00000000
00000003